00006860240288229007
00006860240288229014
00006860240288229021
00006860240288229038
00006860240288229045
00006860240288229052
00006860240288229069
00006860240288229076
00006860240288229083
00006860240288229090
00006860240288229106
00006860240288229113
00006860240288229120
00006860240288229137
00006860240288229144
00006860240288229151
00006860240288229168
00006860240288229175
00006860240288229182
00006860240288229199
00006860240288229205
00006860240288229212
00006860240288229229
00006860240288229236
00006860240288229243
00006860240288229250
00006860240288229267
00006860240288229274
00006860240288229281
00006860240288229298
00006860240288229304
00006860240288229311
00006860240288229328
00006860240288229335
00006860240288229342
00006860240288229359
00006860240288229366
00006860240288229373
00006860240288229380
00006860240288229397
00006860240288211279
00006860240288247261
00006860240288172204
00006860240288172211
00006860240288186980
00006860240288186997
00006860240288187000
00006860240288250131
00006860240288250148
00006860240288187291
00006860240288187604
00006860240288229007

00006860240288211279
00006860240288229250
00006860240288229045
00006860240288229311
00006860240288186980
00006860240288229373
00006860240288229120
00006860240288229335
00006860240288229380
00006860240288229007
00006860240288229205
00006860240288229236
00006860240288229021
00006860240288229243
00006860240288229038
00006860240288229090
00006860240288229342
00006860240288229014
00006860240288229229
00006860240288229137
00006860240288229359
00006860240288250148
00006860240288229199
00006860240288250131
00006860240288229304
00006860240288187604
00006860240288229274
00006860240288229281
00006860240288229106
00006860240288187291
00006860240288229168
00006860240288229076
00006860240288229267
00006860240288247261
00006860240288229083
00006860240288187000
00006860240288229069
00006860240288229151
00006860240288229328
00006860240288229212
00006860240288229113
00006860240288172204
00006860240288186997
00006860240288229144
00006860240288229052
00006860240288172211
00006860240288229175
00006860240288229366
00006860240288229298
00006860240288229397
00006860240288229182