00000009250000770825
00000009250000769312
00000009250000768863
00000009250000768303
00000009250000768684
00000009250000768960
00000009250000765532
00000009250000770886
00000009250000765500
00000009250000769335
00000009250000770853
00000009250000770752
00000009250000770296
00000009250000767681
00000009250000770169
00000009250000770885
00000009250000771368
00000009250000770739
00000009250000770888
00000009250000770753
00000009250000761714
00000009250000770871
00000009250000770720
00000009250000769986
00000009250000766042
00000009250000765496
00000009250000770171
00000009250000766001
00000009250000767665
00000009250000770170
00000009250000768380
00000009250000772033
00000009250000769994
00000009250000769989
00000009250000768945
00000009250000766049
00000009250000770750
00000009250000767009
00000009250000769997
00000009250000769977
00000009250000768939
00000009250000765914
00000009250000770879
00000009250000770751
00000009250000767660
00000009250000769995
00000009250000770873
00000009250000770738
00000009250000769932
00000009250000770852
00000009250000766462
00000009250000769991
00000009250000771387
00000009250000766550
00000009250000770830
00000009250000765499
00000009250000765530
00000009250000770818
00000009250000765488
00000009250000769993
00000009250000771081
00000009250000766825
00000009250000767757
00000009250000770924
00000009250000769996
00000009250000770855
00000009250000771997
00000009250000766862
00000009250000768907
00000009250000770826
00000009250000770829
00000009250000771549
00000009250000771252
00000009250000772038
00000009250000770172
00000009250000766412
00000009250000765497
00000009250000770837
00000009250000771431
00000009250000772037
00000009250000770828
00000009250000772040
00000009250000766463
00000009250000766180
00000009250000770832
00000009250000770851
00000009250000765568
00000009250000767430
00000009250000765443
00000009250000770872
00000009250000768899
00000009250000769992
00000009250000765583
00000009250000772039
00000009250000769467
00000009250000766417
00000009250000771652
00000009250000766240
00006860242916203601
00000009250000771659
00000009250000770844
00000009250000770561
00000009250000765770
00000009250000766002
00000009250000765552
00000009250000767925
00000009250000766514
00000009250000766981
00000009250000772039
00000009250000770854
00000009250000769988
00000009250000770872
00000009250000770887
00000009250000765487
00000009250000770831
00000009250000770262
00006860242916216625
00000009250000765489
00000009250000770856
00000009250000772032
00000009250000766464
00000009250000765498
00006860242916231406
00000009250000768631
00000009250000766351
00000009250000766418
00000009250000770871
00000009250000766111
00006860242916221506
00000009250000769987
00000009250000769990
00000009250000770819
00000009250000768343
00000009250000766133
00000009250000770827
00000009250000770295
00000009250000772032
00000009250000766000
00000009250000771392