00000004721344752955
00000004721344573338
00000004721344605961
00000004721344671805
00006860240907132961
00000004721344745322
00000004721344301566
00000004721344357259
00000004721344707375
00000004721344357242
00000004721344259416
00000004721344614840
00000004721344765214
00000004721344550780
00000004721344557895
00000004721344710733
00000004721344765191
00000004721344531659
00000004721344599154
00000004721344754072
00000004721344552630
00000004721344752924
00000004721344235731
00000004721344557901
00000004721344259409
00000004721344517127
00000004721344770966
00000004721344522237
00000004721344757349
00000004721344752962
00000004721344760479
00000006831775555334
00000004721344752917
00000006831775555402
00000004721344566033
00000004721344707382
00000004721344357297
00000004721344599161
00000004721344548237
00000004721344357266
00000004721344552531
00000004721344604315
00000004721344541283
00000004721344357235
00000006831775555525
00000004721344677364
00000004721344545687
00006860240907221405
00000004721344671799
00000004721344695191
00000006831775733985
00000004721344515253
00000004721344765207
00000004721344569683
00000004721344517035
00000004721344747326
00000006831775555518
00000004721344548657
00000004721344528611
00006860240907134903
00000004721344541276
00000004721344663572
00000004721344523562
00000004721344515727
00000004721344523555
00000004721344558496
00000004721344570696
00000004721344556959
00000004721344614871
00000004721344515239
00000004721344730281
00000004721344610088
00000004721344745438
00000004721344746602
00000004721344614857
00000004721344614864
00000004721344668324
00000004721344757783
00000004721344517356
00000004721344552685
00000006831775555341
00000004721344752894
00000004721344754089
00000004721344515543
00000004721344708358
00000004721344727199
00000004721344752887
00000004721344569980
00000004721344555662
00000004721344605954
00000004721344713543
00000004721344707405
00000004721344752948
00000004721344714793
00000006831775893788
00000004721344752931
00000004721344752900
00000004721344536340
00000004721344589599
00000004721344707399
00000004721344771987
00000004721344727083
00006860240907217248
00000004721344677340
00000004721344762855
00000004721344767713
00000004721344697522
00000004721344598218
00000004721344663954
00000004721344695306
00000004721344707801
00000004721344611443
00000004721344685543
00000006831775199378
00000004721344662704
00000004721344528147
00000004721344545700
00000004721344663961
00000004721344526457
00000004721344615625
00006860240907136761
00000004721344721074
00000006831775576971
00000004721344734111
00000004721344707269
00000004721344532656
00000004721344763746
00000004721344524637
00000004721344571587
00000004721344662681
00000004721344548220
00000006831775590724
00000004721344729667
00000004721344728578
00000004721344772939
00006860240907212731
00000004721344598249
00000004721344615618
00000004721344560420
00000004721344632875
00000004721344721067
00000004721344729650
00000004721344632851
00000004721344656109
00000004721344767324
00000004721344545717
00000004721344598102
00000004721344677166
00000004721344662698
00000006831775199279
00000004721344760523
00000004721344470552
00000004721344727090
00000004721344719729
00000004721344745131
00000004721344542341
00000004721344663985
00000004721344763753
00000004721344528512
00000006831775709676
00000004721344658660
00000004721344590304
00006860248279996587
00000004721344732582
00000004721344542358
00000004721344767331
00000004721344547087
00000004721344581654
00000004721344598225
00000004721344545618
00000004721344695313
00000004721344665163
00000006831775638617
00000004721344767317
00000004721344632868
00000004721344598256
00000004721343766359
00000004721344757882
00000004721344716261
00000004721344684997
00000004721344671577
00000004721344765788
00000004721344581647
00000004721344745063
00000006831775831964
00006860240907135054
00006860240907192880
00000004721344552678
00000004721344515628
00000004721344579934
00000004721344530867
00000004721344745070
00000004721344542334
00000004721344570702
00000004721344516885
00000004721344562820
00000006831775590717
00000004721344663978
00000004721344658592
00006860240907134545
00000004721344562875
00000004721344598232
00000004721344516823
00000004721344663947
00000004721344762848