0510210188170000001
0510210125739000001
0510210188170000001
0510210188170000001
0510210188170000001
0510210188170000001
0510210128040000001
0510210127431000009
0510210130684000002
0510210129643000003
0510210188170000001
0510210188170000001
0510210188170000001
0510210132373000002
0510210127431000002
0510210188170000001
0510210131006000002
0510210127431000002
0510210131006000002
0510210202858000001
0510210132438000001
0510210188170000001
0510210188170000001
0510210127276000001
0510210128040000001
0510210188170000001
0510210188170000001
0510210125739000001
0510210188170000001
0510210188170000001
0510210127286000002
0510210188170000001
0510210125703000002
0510210188170000001
0510210127431000002
0510210188170000001
0510210188170000001
0510210128040000001
0510210125703000002
0510210188170000001
0510210188170000001
0510210188170000001
0510210127286000002
0510210188170000001
0510210126407000001
0510210202858000001
0510210125100000003
0510210133898000002
0510210137295000001
0510210129560000001
0510210127286000002
0510210127748000001
0510210188170000001
0510210132373000001
0510210125703000002
0510210188170000001
0510210124472000001
0510210127286000002
0510210125703000002
0510210188170000001
0510210127431000002
0510210124977000001
0510210137295000001
0510210127286000002
0510210124977000001
0510210188170000001
0510210188170000001
0510210137295000001
0510210188170000001
0510210127286000002
0510210188170000001
0510210133415000001
0510210188170000001
0510210127207000002
0510210188170000001
0510210130029000001
0510210188170000001
0510210125092000001
0510210188170000001
0510210127286000002
0510210188170000001
0510210188170000001
0510210131607000001
0510210188170000001
0510210125703000002
0510210188170000001
0510210188170000001
0510210188170000001
0510210188170000001
0510210127207000002
0510210125703000002
0510210188170000001
0510210188170000001
0510210188170000001
0510210133415000001
0510210127431000002
0510210131006000002
0510210188170000001
0510210188170000001
0510210127286000002
0510210125739000001
0510210188170000001
0510210125739000001
0510210188170000001
0510210126871000002
0510210137295000001
0510210129643000003
0510210128040000001
0510210188170000001
0510210188170000001
0510210125703000002
0510210125703000002
0510210125092000001
0510210188170000001
0510210128040000001
0510210188170000001
0510210126304000001
0510210188170000001
0510210188170000001
0510210125100000001