00000009370480258101
00000009370481636328
00000009370480763834
00000006831789178963
00000009370479959286
00000009370479511224
00000009370478841360
00000009370480970942
00000009370480258101
00000009370480140413
00000009370479798144
00006860241484928251
00000009370481143147
00000009370481282914
00000009370481557142
00000009370481403944
00000009370481787549
00000009370479977433
00000009370481232599
00000006831789509729
00000009370478310262
00000009370482099047
00000009370481262961
00000009370481358558
00000009370482266142
00000009370480077269
00000009370480695906
00000009370479715585
00000009370481283195