00000008340468309027
00000008340468309034
00000008340468309041
00000008340468309058
00000008340468309065
00000008340468309072
00000008340468309089
00000008340468309096
00000008340468309102
00000008340468309119
00000008340468309126
00000008340468309133
00000008340468309140
00000008340468309157
00000008340468309164
00000008340468309171
00000008340468309188
00000008340468309195
00000008340468309201
00000008340468309218
00000008340468309225
00000008340468309232
00000008340468309249
00000008340468309256
00000008340468309263
00000008340468309270
00000008340468309287
00000008340468309294
00000008340468309300
00000008340468309317
00000008340468264807
00000008340468264814
00000008340468264821
00000008340468264838
00000008340468264845
00000008340468264852
00000008340468264869
00000008340468264876
00000008340468264883
00000008340468264890
00000008340468308853
00000008340468308860
00000008340468308877
00000008340468308884
00000008340468308891
00000008340468308907
00000008340468308914
00000008340468308921
00000008340468308938
00000008340468308945
00000008340468264418
00000008340468264425
00000008340468286472
00000008340468286489
00000008340468286496
00000008340468286502
00000008340468286519
00000008340468309324
00000008340468309331
00000008340468309348
00000008340468309355
00000008340468309362
00000008340468309379
00000008340468309386
00000008340468308952
00000008340468308969
00000008340468308976
00000008340468308983
00000008340468263244
00000008340468263251
00000008340468263268
00000008340468264623
00000008340468264630
00000008340468264647
00000008340468264654
00000008340468264661
00000008340468460773