0510210256832000001
0510210256834000005
0510210256835000001
0510210256836000001
0510210256836000002
0510210256838000001
0510210256840000001
0510210256841000001
0510210256843000001
0510210256845000001
0510210256848000001
0510210256849000001
0510210256853000001
0510210273432000001
0510210275974000001
0510210276065000001
0510210279158000001
0510210279282000001
0510210284421000001
0510210285807000001
0510210285808000001
0510210286120000001
0517377945587000001
0517377967316000001
0517378002476000001
0517902141069000001
0517902191285000001
0517902231522000001
0517902241865000002
0517902245563000001
1010171132995000001