00000008391254486323
00000008391254531405
00000008391254531351
00000008391254531382
00000008391254531788
00000008391254531733
00000008391254531689
00000008391254531641
00000008391254531580
00000008391254531559
00000008391254531504
00000008391254531467
00000008391254531436
00000008391254531429
00000008391254570756
00000008391254526975
00000008391254303729
00000008391254282352
00000008391254282369
00000008391254559478
00000008391254282314
00000009720459970228
00000008391254493505
00000008391254437738
00000008391254513418
00000008391254522359
00000008391254459761
00000008391254304184
00000008391254303699
00000008391254303835
00000008391254493390
00000008391254493444
00000008391254493543
00000008391254493482
00000008391254303781
00000008391254533003
00000008391254450430
00000008391254476546
00000008391254437783
00000008391254304092
00000008391254304139
00000008391254303743
00000008391254527040
00000008391254388085
00000008391254304184
00000008391254282239
00000008391254298865
00000008391254522380
00000008391254459761