0510198593880000002
0510198626848000007
0510199846494000001
0510199905649000003
0510199909760000001
0510199939496000002
0510199946505000001
0510199988261000002
0510208878317005001
0510209134607000005
0510209293920001001
0510209378760000001
0510209380794000001
0510209382072000001
0510209382151000001
0510209382765000001
0510209383811000001
0510209384358000001
0510209384466000001
0510209385088000001
0510209385964000001
0510209386421000001
0510209387661000001
0510209391261000001
0510209391448000001
0510209391464000001
0510209391465000001
0510209391824000001
0510209392520000002
0510209395248000001
0510209396014000001
0510209397110000001
0510209397167000001
0510209397186000001
0510209397280000001
0510209398978000001
0510209399378000001
0510209399415000001
0510209401257000001
0510209401296000001
0510209401520000001
0510209401988000001
0510209402591000001
0510209402878000001
0510209403461000001
0510209403597000001
0510209403767000001
0510209404586000001
0510209404705000001
0510209404863000001
0510209404935000001
0510209405260000001
0510209405542000001
0510209405786000001
0510209406397000001
0510209406927000001
0510209407967000001
0510209408307000001
0510209408390000001
0510209409011000001
0510209409227000001
0510209409577000001
0510209410737000001
0510209411124000001
0510209411670000001
0510209411728000001
0510209412877000001
0510209412924000001
0510209412930000001
0510209412989000001
0510209415076000001
0510209415151000001
0510209415216000001
0510209416109000001
0510209416587000001
0510209417045000001
0510209417134000001
0510209417245000001
0510209417448000001
0510209417478000001
0510209417498000001
0510209417616000001
0510209417942000001
0510209417967000001
0517376923527000004
0517376966660000001
0517376968637002001
0517377075443000001
0517377110626000002
0517377112820000001
0517377114668000001
0517377120476001001
0517377140664000001
0517377143348000001
0517377149239000001
0517377152217000002
0517377157911000001
0517377158613000001
0517377159501000001
0517377159592000001
0517377159681000001
0517377159793000001
0517377160316000001
0517377160347000001
0517377161207000001
0517605999338000002
0517607727961005553
0517608226212001113
0517608514050000002
0517608945284002001
0517609819169000002
0517610142919000007
0517610147255000002
0517610324540002001
0517610326966002001
0517610386368000001
0517610388602001001
0517610392096000004
0517610392113000001
0517610439407000002
0517610502764000001
0517610504627000001
0517610525258001001
0517610537420000001
0517610549143000001
0517610558316000001
0517610560650000001
0517610561306000001
0517610561980000001
0517610563002000001
0517610563663000001
0517610564202000001
0517610565318000001
0517610566637000001
0517610568560000001
0517610569860000001
0517610573774000001
0517610575253000001
0517610576347000001
0517610576739000001
0517610577325000001
0517610578913000001
0517610579242000001
0517610581068000001
0517610588837000001
0517610596124000001
0517610597966000001
0517610598878000001
0517610599090000001
0517610599296000001
0517610599930000001
0517610603396000001
0517610606746000001
0517610607887000001
0517610608990000001
0517610610639000001
0517610610788000001
0517610610935000001
0517610615814000001
0517610616359000001
0517610616578000001
0517610616766000001
0517610619266000001
0517610619328000001
0517610619877000001
0517610620102000001
0517610620343000001
0517610620945000001
0517610621720000001
0517610621920000001
0517610623178000001
0517610624195000001
0517610625915000001
0517610626681000001
0517610626955000001
0517610627419000001
0517610627843000001
0517610627953000001
0517610628768000002
0517610629968000001
0517610630398000001
0517610630703000001
0517610631540000001
0517610632404000001
0517610632530000001
0517610633044000001
0517610633771000001
0517610635935000001
0517610636223000001
0517610637228000001
0517610637366000001
0517610637412000001
0517610637660000001
0517610637751000001
0517610637798000001
0517610637930000001
0517610638941000001
0517610639746000001
0517610639913000001
0517610640260000001
0517610641213000001
0517610641626000001
0517610642217000001
0517610643204000001
0517610643356000001
0517610643633000001
0517610644409000001
0517610645273000001
0517610645287000001
0517610645432000001
0517610646367000001
0517610646722000001
0517610647126000001
0517610647640000001
0517610647809000001
0517610647863000001
0517610648871000001
0517610650111000001
0517610650733000001
0517610652211000002
0517610652317000001
0517610653039000001
0517610653442000001
0517610653752000001
0517610654469000001
0517610656183000001
0517610656260000001
0517610656338000001
0517610656544000001
0517610657519000001
0517610657945000001
0517610657985000001
0517610660263000002
0517610661113000001
0517610661767000001
0517610661841000001
0517610662471000001
0517610662564000001
0517610663423000001
0517610663558000001
0517610664370000001
0517610664430000001
0517610664471000001
0517610664737000001
0517610665211000002
0517610665320000001
0517610665890000001
0517610667173000001
0517610668168000001
0517610668645000001
0517610668694000001
0517610668958000001
0517610669019000001
0517610669107000001
0517610669413000001
0517610669424000001
0517610669461000002
0517610670214000001
0517610670285000001
0517610670437000001
0517610670605000001
0517610671289000001
0517610671456000001
0517610671592000001
0517610671760000001
0517610671787000001
0517610671862000001
0517610671940000001
0517610672562000001
0517610673277000001
0517610673968000001
0517610674040000001
0517610674176000001
0517610674246000001
0517610674321000001
0517610674631000001
0517610674703000001
0517610674891000001
0517610675336000001
1010170349797000006
1010170372751000001
1010170374411000001
1010170374591000001
1010170375193000001
1010170375235000001
1010170375652000001
1010170377522000001
1010170381226000001
1010170385382000001
1010170389089000001
1010170391583000001
1010170395914000001
1010170398023000001
1010170402154000001
1010170402851000001
1010170403122000001
1010170405616000001
1010170406754000001
1010170407244000001
1010170407363000001
1010170408088000001
3019417821351000002
3019417838781000001
3019417839472000001
3019417842543000001
3019417843283000001
3019847972323000001
3019847975012000001
3019847977582000001
3019912751383000001
3019912751495000001
3019912753703000001
3019912755512000001
3019912756034000001
3019912756921000001
3019912757633000001
3019912757790000001
3019912757985000001
3019912758103000001
3019912758645000001
3019912758728000001
3019912758976000001
3019912759818000001
3019912762865000001
3019912765070000001
3019912765295000001
3019912766373000001
3019912766786000001
3019912767750000001
3019912770056000001
3019912770134000001
3019912770134000002
3019912772085000001
3019912773276000001
3019912773760000001
3019912782323000001
3019912782811000001
3019912783090000001
3019912783602000001
3019912784215000001
3019912785133000004
3019912785532000001
3019912785674000001
3019912786121000001
3019912786839000001
3019912786947000001
3019912787702000001
3019912787781000001
3019912788772000001
3019912789063000001
3019912789560000001
3019912790076000001
3019912790329000001
3019912790482000001
3019912790704000001
3019912791038000001
3019912791496000001
3019912791723000001
3019912791813000001
3019912791825000001
3019912792274000001
3019912792674000001
3019912793226000001
3019912793361000001
3019912793419000001
3019912793818000001
3019912794567000001
3019912794723000001
3019912795571000001
3019912795971000001
3019912796190000001
3019912796397000001
3019912796569000001
3019912796571000001
3019912796796000001
3019912796902000001
3019912797223000001
3019912797389000001
3019912797490000001
3019912797794000001
3019912798506000001
3019912798594000001
3019912799276000001
3019912799934000001
3019912800033000001
3019912800864000001
3019912801248000001
3019912801574000001
3019912801618000001
3019912801708000001
3019912802128000001
3019912802225000001
3019912802357000001
3019912802420000001
3019912802742000001
3019912802787000001
3019912802789000001
3019912802818000001
3019912802854000001
3019912802931000001
3019912803422000001
3019912803852000001
3019912804056000001
3019912804482000001
3019912804582000001
3019912804706000001
3019912804990000001